8
1.00024
-3.662308463112175E-03  2.157849356524595E-03  1.419501513338753E-05
2.942216052848290E-06 -5.645197312947881E-06 -1.879376654806794E-08

1.66091e-7
3.386007889700184E-01 -1.863548688070663E-01 -4.680801375472568E-02
8.065735936692357E-03  2.592708812824887E-02  1.377732541628954E-03

2e-6
-6.610889483656891E-01  2.899760637986191E-01  4.189354633118023E-02
-8.198871262863082E-03 -1.862902211148766E-02  2.195777507387874E-04
  
3e-6
-9.530070973114511E-01 -3.162892876284216E-01  5.964974485046523E-06
5.187365084511345E-03 -1.638127081135875E-02 -4.729564365692958E-07

3.22851e-7
-2.737728774522628E-01 -1.451013158456976E+00 -2.377463847073247E-02
1.429149676297064E-02 -1.363668847949500E-03 -3.800394886928952E-04

9.55e-4
3.773627905260955E+00  3.236332772893896E+00 -9.796596072199235E-02
-5.007361839453600E-03  6.083910737605662E-03  8.698898224945586E-05

2.86e-4
-4.934769722871234E-01 -1.002651873286168E+01  1.944134111157620E-01
5.270784649423898E-03 -2.905195908398797E-04 -2.046993054620025E-04

4.4e-5
-5.542358548564156E-01 -1.925656466489693E+01 -6.432261254063917E-02
3.901955676774741E-03 -2.962348886386207E-04 -5.155011344136304E-05